   11 : 0 11 0 0 : 3
   21 : 0 10 1 0 : 3
   31 : 0 9 2 0 : 2
   41 : 0 8 3 0 : 2
   51 : 0 7 4 0 : 3
   61 : 0 6 5 0 : 2
   71 : 0 5 6 0 : 2
   81 : 0 4 7 0 : 2
   91 : 0 3 8 0 : 3
  101 : 0 2 9 0 : 3
  111 : 0 1 10 0 : 3
  131 : 0 10 0 1 : 1
  141 : 0 9 1 1 : 1
  151 : 0 8 2 1 : 3
  161 : 0 7 3 1 : 2
  171 : 0 6 4 1 : 3
  181 : 0 5 5 1 : 2
  191 : 0 4 6 1 : 2
  201 : 0 3 7 1 : 2
  211 : 0 2 8 1 : 0
  221 : 0 1 9 1 : 2
  251 : 0 9 0 2 : 2
  261 : 0 8 1 2 : 3
  271 : 0 7 2 2 : 3
  281 : 0 6 3 2 : 3
  291 : 0 5 4 2 : 2
  301 : 0 4 5 2 : 2
  311 : 0 3 6 2 : 2
  321 : 0 2 7 2 : 2
  331 : 0 1 8 2 : 2
  371 : 0 8 0 3 : 2
  381 : 0 7 1 3 : 1
  391 : 0 6 2 3 : 2
  401 : 0 5 3 3 : 3
  411 : 0 4 4 3 : 3
  421 : 0 3 5 3 : 3
  431 : 0 2 6 3 : 3
  441 : 0 1 7 3 : 0
  491 : 0 7 0 4 : 3
  501 : 0 6 1 4 : 1
  511 : 0 5 2 4 : 3
  521 : 0 4 3 4 : 3
  531 : 0 3 4 4 : 3
  541 : 0 2 5 4 : 3
  551 : 0 1 6 4 : 0
  611 : 0 6 0 5 : 1
  621 : 0 5 1 5 : 3
  631 : 0 4 2 5 : 3
  641 : 0 3 3 5 : 3
  651 : 0 2 4 5 : 3
  661 : 0 1 5 5 : 3
  731 : 0 5 0 6 : 3
  741 : 0 4 1 6 : 3
  751 : 0 3 2 6 : 3
  761 : 0 2 3 6 : 3
  771 : 0 1 4 6 : 3
  851 : 0 4 0 7 : 3
  861 : 0 3 1 7 : 3
  871 : 0 2 2 7 : 0
  881 : 0 1 3 7 : 3
  971 : 0 3 0 8 : 3
  981 : 0 2 1 8 : 0
  991 : 0 1 2 8 : 0
 1091 : 0 2 0 9 : 1
 1101 : 0 1 1 9 : 1
 1211 : 0 1 0 10 : 1
 1341 : 0 10 0 0 : 3
 1351 : 0 9 1 0 : 3
 1361 : 0 8 2 0 : 3
 1371 : 0 7 3 0 : 2
 1381 : 0 6 4 0 : 3
 1391 : 0 5 5 0 : 2
 1401 : 0 4 6 0 : 3
 1411 : 0 3 7 0 : 2
 1421 : 0 2 8 0 : 0
 1431 : 0 1 9 0 : 0
 1461 : 0 9 0 1 : 3
 1471 : 0 8 1 1 : 2
 1481 : 0 7 2 1 : 3
 1491 : 0 6 3 1 : 3
 1501 : 0 5 4 1 : 3
 1511 : 0 4 5 1 : 2
 1521 : 0 3 6 1 : 3
 1531 : 0 2 7 1 : 2
 1541 : 0 1 8 1 : 3
 1581 : 0 8 0 2 : 3
 1591 : 0 7 1 2 : 3
 1601 : 0 6 2 2 : 3
 1611 : 0 5 3 2 : 3
 1621 : 0 4 4 2 : 2
 1631 : 0 3 5 2 : 2
 1641 : 0 2 6 2 : 2
 1651 : 0 1 7 2 : 0
 1701 : 0 7 0 3 : 2
 1711 : 0 6 1 3 : 2
 1721 : 0 5 2 3 : 3
 1731 : 0 4 3 3 : 2
 1741 : 0 3 4 3 : 3
 1751 : 0 2 5 3 : 2
 1761 : 0 1 6 3 : 2
 1821 : 0 6 0 4 : 1
 1831 : 0 5 1 4 : 1
 1841 : 0 4 2 4 : 3
 1851 : 0 3 3 4 : 3
 1861 : 0 2 4 4 : 3
 1871 : 0 1 5 4 : 3
 1941 : 0 5 0 5 : 3
 1951 : 0 4 1 5 : 3
 1961 : 0 3 2 5 : 3
 1971 : 0 2 3 5 : 3
 1981 : 0 1 4 5 : 3
 2061 : 0 4 0 6 : 1
 2071 : 0 3 1 6 : 3
 2081 : 0 2 2 6 : 0
 2091 : 0 1 3 6 : 3
 2181 : 0 3 0 7 : 3
 2191 : 0 2 1 7 : 1
 2201 : 0 1 2 7 : 3
 2301 : 0 2 0 8 : 0
 2311 : 0 1 1 8 : 0
 2421 : 0 1 0 9 : 3
 2671 : 0 9 0 0 : 3
 2681 : 0 8 1 0 : 2
 2691 : 0 7 2 0 : 2
 2701 : 0 6 3 0 : 3
 2711 : 0 5 4 0 : 2
 2721 : 0 4 5 0 : 3
 2731 : 0 3 6 0 : 2
 2741 : 0 2 7 0 : 2
 2751 : 0 1 8 0 : 2
 2791 : 0 8 0 1 : 2
 2801 : 0 7 1 1 : 2
 2811 : 0 6 2 1 : 3
 2821 : 0 5 3 1 : 3
 2831 : 0 4 4 1 : 3
 2841 : 0 3 5 1 : 2
 2851 : 0 2 6 1 : 2
 2861 : 0 1 7 1 : 0
 2911 : 0 7 0 2 : 3
 2921 : 0 6 1 2 : 1
 2931 : 0 5 2 2 : 2
 2941 : 0 4 3 2 : 2
 2951 : 0 3 4 2 : 2
 2961 : 0 2 5 2 : 0
 2971 : 0 1 6 2 : 2
 3031 : 0 6 0 3 : 1
 3041 : 0 5 1 3 : 3
 3051 : 0 4 2 3 : 2
 3061 : 0 3 3 3 : 2
 3071 : 0 2 4 3 : 2
 3081 : 0 1 5 3 : 2
 3151 : 0 5 0 4 : 1
 3161 : 0 4 1 4 : 1
 3171 : 0 3 2 4 : 3
 3181 : 0 2 3 4 : 0
 3191 : 0 1 4 4 : 0
 3271 : 0 4 0 5 : 1
 3281 : 0 3 1 5 : 3
 3291 : 0 2 2 5 : 3
 3301 : 0 1 3 5 : 3
 3391 : 0 3 0 6 : 3
 3401 : 0 2 1 6 : 0
 3411 : 0 1 2 6 : 0
 3511 : 0 2 0 7 : 1
 3521 : 0 1 1 7 : 1
 3631 : 0 1 0 8 : 0
 4001 : 0 8 0 0 : 1
 4011 : 0 7 1 0 : 1
 4021 : 0 6 2 0 : 2
 4031 : 0 5 3 0 : 2
 4041 : 0 4 4 0 : 2
 4051 : 0 3 5 0 : 2
 4061 : 0 2 6 0 : 2
 4071 : 0 1 7 0 : 2
 4121 : 0 7 0 1 : 1
 4131 : 0 6 1 1 : 2
 4141 : 0 5 2 1 : 2
 4151 : 0 4 3 1 : 2
 4161 : 0 3 4 1 : 2
 4171 : 0 2 5 1 : 2
 4181 : 0 1 6 1 : 0
 4241 : 0 6 0 2 : 1
 4251 : 0 5 1 2 : 1
 4261 : 0 4 2 2 : 2
 4271 : 0 3 3 2 : 2
 4281 : 0 2 4 2 : 2
 4291 : 0 1 5 2 : 2
 4361 : 0 5 0 3 : 1
 4371 : 0 4 1 3 : 1
 4381 : 0 3 2 3 : 2
 4391 : 0 2 3 3 : 0
 4401 : 0 1 4 3 : 2
 4481 : 0 4 0 4 : 1
 4491 : 0 3 1 4 : 1
 4501 : 0 2 2 4 : 0
 4511 : 0 1 3 4 : 0
 4601 : 0 3 0 5 : 1
 4611 : 0 2 1 5 : 1
 4621 : 0 1 2 5 : 0
 4721 : 0 2 0 6 : 0
 4731 : 0 1 1 6 : 0
 4841 : 0 1 0 7 : 1
 5331 : 0 7 0 0 : 1
 5341 : 0 6 1 0 : 1
 5351 : 0 5 2 0 : 2
 5361 : 0 4 3 0 : 2
 5371 : 0 3 4 0 : 2
 5381 : 0 2 5 0 : 2
 5391 : 0 1 6 0 : 0
 5451 : 0 6 0 1 : 1
 5461 : 0 5 1 1 : 1
 5471 : 0 4 2 1 : 2
 5481 : 0 3 3 1 : 2
 5491 : 0 2 4 1 : 0
 5501 : 0 1 5 1 : 2
 5571 : 0 5 0 2 : 1
 5581 : 0 4 1 2 : 1
 5591 : 0 3 2 2 : 2
 5601 : 0 2 3 2 : 2
 5611 : 0 1 4 2 : 0
 5691 : 0 4 0 3 : 1
 5701 : 0 3 1 3 : 1
 5711 : 0 2 2 3 : 2
 5721 : 0 1 3 3 : 2
 5811 : 0 3 0 4 : 1
 5821 : 0 2 1 4 : 0
 5831 : 0 1 2 4 : 0
 5931 : 0 2 0 5 : 1
 5941 : 0 1 1 5 : 1
 6051 : 0 1 0 6 : 1
 6661 : 0 6 0 0 : 2
 6671 : 0 5 1 0 : 1
 6681 : 0 4 2 0 : 2
 6691 : 0 3 3 0 : 2
 6701 : 0 2 4 0 : 2
 6711 : 0 1 5 0 : 0
 6781 : 0 5 0 1 : 1
 6791 : 0 4 1 1 : 1
 6801 : 0 3 2 1 : 2
 6811 : 0 2 3 1 : 2
 6821 : 0 1 4 1 : 2
 6901 : 0 4 0 2 : 1
 6911 : 0 3 1 2 : 2
 6921 : 0 2 2 2 : 2
 6931 : 0 1 3 2 : 2
 7021 : 0 3 0 3 : 2
 7031 : 0 2 1 3 : 1
 7041 : 0 1 2 3 : 0
 7141 : 0 2 0 4 : 1
 7151 : 0 1 1 4 : 1
 7261 : 0 1 0 5 : 1
 7991 : 0 5 0 0 : 2
 8001 : 0 4 1 0 : 1
 8011 : 0 3 2 0 : 2
 8021 : 0 2 3 0 : 0
 8031 : 0 1 4 0 : 0
 8111 : 0 4 0 1 : 1
 8121 : 0 3 1 1 : 1
 8131 : 0 2 2 1 : 2
 8141 : 0 1 3 1 : 0
 8231 : 0 3 0 2 : 1
 8241 : 0 2 1 2 : 0
 8251 : 0 1 2 2 : 2
 8351 : 0 2 0 3 : 2
 8361 : 0 1 1 3 : 1
 8471 : 0 1 0 4 : 1
 9321 : 0 4 0 0 : 1
 9331 : 0 3 1 0 : 2
 9341 : 0 2 2 0 : 2
 9351 : 0 1 3 0 : 2
 9441 : 0 3 0 1 : 1
 9451 : 0 2 1 1 : 1
 9461 : 0 1 2 1 : 2
 9561 : 0 2 0 2 : 0
 9571 : 0 1 1 2 : 1
 9681 : 0 1 0 3 : 2
10651 : 0 3 0 0 : 1
10661 : 0 2 1 0 : 1
10671 : 0 1 2 0 : 0
10771 : 0 2 0 1 : 1
10781 : 0 1 1 1 : 1
10891 : 0 1 0 2 : 2
11981 : 0 2 0 0 : 0
11991 : 0 1 1 0 : 2
12101 : 0 1 0 1 : 1
13311 : 0 1 0 0 : 0
14662 : 1 10 1 0 : 3
14672 : 1 9 2 0 : 2
14682 : 1 8 3 0 : 2
14692 : 1 7 4 0 : 2
14702 : 1 6 5 0 : 2
14712 : 1 5 6 0 : 2
14722 : 1 4 7 0 : 2
14732 : 1 3 8 0 : 2
14742 : 1 2 9 0 : 3
14752 : 1 1 10 0 : 2
14762 : 1 0 11 0 : 3
14782 : 1 9 1 1 : 2
14792 : 1 8 2 1 : 1
14802 : 1 7 3 1 : 3
14812 : 1 6 4 1 : 2
14822 : 1 5 5 1 : 2
14832 : 1 4 6 1 : 3
14842 : 1 3 7 1 : 2
14852 : 1 2 8 1 : 2
14862 : 1 1 9 1 : 2
14872 : 1 0 10 1 : 3
14902 : 1 8 1 2 : 2
14912 : 1 7 2 2 : 1
14922 : 1 6 3 2 : 3
14932 : 1 5 4 2 : 3
14942 : 1 4 5 2 : 2
14952 : 1 3 6 2 : 2
14962 : 1 2 7 2 : 3
14972 : 1 1 8 2 : 2
14982 : 1 0 9 2 : 3
15022 : 1 7 1 3 : 3
15032 : 1 6 2 3 : 1
15042 : 1 5 3 3 : 2
15052 : 1 4 4 3 : 3
15062 : 1 3 5 3 : 3
15072 : 1 2 6 3 : 3
15082 : 1 1 7 3 : 0
15092 : 1 0 8 3 : 3
15142 : 1 6 1 4 : 3
15152 : 1 5 2 4 : 1
15162 : 1 4 3 4 : 3
15172 : 1 3 4 4 : 3
15182 : 1 2 5 4 : 3
15192 : 1 1 6 4 : 0
15202 : 1 0 7 4 : 0
15262 : 1 5 1 5 : 3
15272 : 1 4 2 5 : 3
15282 : 1 3 3 5 : 3
15292 : 1 2 4 5 : 3
15302 : 1 1 5 5 : 0
15312 : 1 0 6 5 : 3
15382 : 1 4 1 6 : 3
15392 : 1 3 2 6 : 3
15402 : 1 2 3 6 : 3
15412 : 1 1 4 6 : 3
15422 : 1 0 5 6 : 0
15502 : 1 3 1 7 : 1
15512 : 1 2 2 7 : 3
15522 : 1 1 3 7 : 0
15532 : 1 0 4 7 : 0
15622 : 1 2 1 8 : 3
15632 : 1 1 2 8 : 0
15642 : 1 0 3 8 : 0
15742 : 1 1 1 9 : 3
15752 : 1 0 2 9 : 1
15862 : 1 0 1 10 : 3
15992 : 1 9 1 0 : 1
16002 : 1 8 2 0 : 1
16012 : 1 7 3 0 : 3
16022 : 1 6 4 0 : 2
16032 : 1 5 5 0 : 3
16042 : 1 4 6 0 : 2
16052 : 1 3 7 0 : 3
16062 : 1 2 8 0 : 3
16072 : 1 1 9 0 : 2
16082 : 1 0 10 0 : 0
16112 : 1 8 1 1 : 3
16122 : 1 7 2 1 : 1
16132 : 1 6 3 1 : 3
16142 : 1 5 4 1 : 3
16152 : 1 4 5 1 : 3
16162 : 1 3 6 1 : 2
16172 : 1 2 7 1 : 2
16182 : 1 1 8 1 : 2
16192 : 1 0 9 1 : 0
16232 : 1 7 1 2 : 3
16242 : 1 6 2 2 : 2
16252 : 1 5 3 2 : 3
16262 : 1 4 4 2 : 2
16272 : 1 3 5 2 : 2
16282 : 1 2 6 2 : 3
16292 : 1 1 7 2 : 0
16302 : 1 0 8 2 : 3
16352 : 1 6 1 3 : 2
16362 : 1 5 2 3 : 2
16372 : 1 4 3 3 : 3
16382 : 1 3 4 3 : 2
16392 : 1 2 5 3 : 3
16402 : 1 1 6 3 : 2
16412 : 1 0 7 3 : 0
16472 : 1 5 1 4 : 1
16482 : 1 4 2 4 : 1
16492 : 1 3 3 4 : 3
16502 : 1 2 4 4 : 3
16512 : 1 1 5 4 : 3
16522 : 1 0 6 4 : 0
16592 : 1 4 1 5 : 3
16602 : 1 3 2 5 : 3
16612 : 1 2 3 5 : 3
16622 : 1 1 4 5 : 0
16632 : 1 0 5 5 : 3
16712 : 1 3 1 6 : 1
16722 : 1 2 2 6 : 3
16732 : 1 1 3 6 : 3
16742 : 1 0 4 6 : 3
16832 : 1 2 1 7 : 3
16842 : 1 1 2 7 : 1
16852 : 1 0 3 7 : 3
16952 : 1 1 1 8 : 0
16962 : 1 0 2 8 : 1
17072 : 1 0 1 9 : 0
17322 : 1 8 1 0 : 2
17332 : 1 7 2 0 : 2
17342 : 1 6 3 0 : 2
17352 : 1 5 4 0 : 3
17362 : 1 4 5 0 : 2
17372 : 1 3 6 0 : 3
17382 : 1 2 7 0 : 2
17392 : 1 1 8 0 : 2
17402 : 1 0 9 0 : 3
17442 : 1 7 1 1 : 1
17452 : 1 6 2 1 : 2
17462 : 1 5 3 1 : 3
17472 : 1 4 4 1 : 3
17482 : 1 3 5 1 : 3
17492 : 1 2 6 1 : 3
17502 : 1 1 7 1 : 0
17512 : 1 0 8 1 : 3
17562 : 1 6 1 2 : 1
17572 : 1 5 2 2 : 3
17582 : 1 4 3 2 : 2
17592 : 1 3 4 2 : 2
17602 : 1 2 5 2 : 2
17612 : 1 1 6 2 : 0
17622 : 1 0 7 2 : 2
17682 : 1 5 1 3 : 1
17692 : 1 4 2 3 : 2
17702 : 1 3 3 3 : 2
17712 : 1 2 4 3 : 2
17722 : 1 1 5 3 : 3
17732 : 1 0 6 3 : 3
17802 : 1 4 1 4 : 3
17812 : 1 3 2 4 : 1
17822 : 1 2 3 4 : 3
17832 : 1 1 4 4 : 0
17842 : 1 0 5 4 : 0
17922 : 1 3 1 5 : 3
17932 : 1 2 2 5 : 3
17942 : 1 1 3 5 : 0
17952 : 1 0 4 5 : 0
18042 : 1 2 1 6 : 1
18052 : 1 1 2 6 : 1
18062 : 1 0 3 6 : 0
18162 : 1 1 1 7 : 1
18172 : 1 0 2 7 : 0
18282 : 1 0 1 8 : 1
18652 : 1 7 1 0 : 2
18662 : 1 6 2 0 : 2
18672 : 1 5 3 0 : 2
18682 : 1 4 4 0 : 2
18692 : 1 3 5 0 : 2
18702 : 1 2 6 0 : 2
18712 : 1 1 7 0 : 0
18722 : 1 0 8 0 : 2
18772 : 1 6 1 1 : 1
18782 : 1 5 2 1 : 2
18792 : 1 4 3 1 : 2
18802 : 1 3 4 1 : 2
18812 : 1 2 5 1 : 2
18822 : 1 1 6 1 : 0
18832 : 1 0 7 1 : 0
18892 : 1 5 1 2 : 2
18902 : 1 4 2 2 : 1
18912 : 1 3 3 2 : 2
18922 : 1 2 4 2 : 2
18932 : 1 1 5 2 : 0
18942 : 1 0 6 2 : 0
19012 : 1 4 1 3 : 2
19022 : 1 3 2 3 : 1
19032 : 1 2 3 3 : 2
19042 : 1 1 4 3 : 0
19052 : 1 0 5 3 : 2
19132 : 1 3 1 4 : 1
19142 : 1 2 2 4 : 1
19152 : 1 1 3 4 : 0
19162 : 1 0 4 4 : 0
19252 : 1 2 1 5 : 1
19262 : 1 1 2 5 : 1
19272 : 1 0 3 5 : 0
19372 : 1 1 1 6 : 0
19382 : 1 0 2 6 : 0
19492 : 1 0 1 7 : 0
19982 : 1 6 1 0 : 1
19992 : 1 5 2 0 : 2
20002 : 1 4 3 0 : 2
20012 : 1 3 4 0 : 2
20022 : 1 2 5 0 : 2
20032 : 1 1 6 0 : 0
20042 : 1 0 7 0 : 0
20102 : 1 5 1 1 : 2
20112 : 1 4 2 1 : 2
20122 : 1 3 3 1 : 2
20132 : 1 2 4 1 : 2
20142 : 1 1 5 1 : 0
20152 : 1 0 6 1 : 0
20222 : 1 4 1 2 : 2
20232 : 1 3 2 2 : 1
20242 : 1 2 3 2 : 2
20252 : 1 1 4 2 : 2
20262 : 1 0 5 2 : 0
20342 : 1 3 1 3 : 1
20352 : 1 2 2 3 : 1
20362 : 1 1 3 3 : 0
20372 : 1 0 4 3 : 0
20462 : 1 2 1 4 : 1
20472 : 1 1 2 4 : 0
20482 : 1 0 3 4 : 0
20582 : 1 1 1 5 : 1
20592 : 1 0 2 5 : 1
20702 : 1 0 1 6 : 0
21312 : 1 5 1 0 : 2
21322 : 1 4 2 0 : 1
21332 : 1 3 3 0 : 2
21342 : 1 2 4 0 : 2
21352 : 1 1 5 0 : 0
21362 : 1 0 6 0 : 0
21432 : 1 4 1 1 : 2
21442 : 1 3 2 1 : 2
21452 : 1 2 3 1 : 2
21462 : 1 1 4 1 : 0
21472 : 1 0 5 1 : 0
21552 : 1 3 1 2 : 2
21562 : 1 2 2 2 : 2
21572 : 1 1 3 2 : 0
21582 : 1 0 4 2 : 0
21672 : 1 2 1 3 : 2
21682 : 1 1 2 3 : 0
21692 : 1 0 3 3 : 0
21792 : 1 1 1 4 : 1
21802 : 1 0 2 4 : 0
21912 : 1 0 1 5 : 0
22642 : 1 4 1 0 : 2
22652 : 1 3 2 0 : 2
22662 : 1 2 3 0 : 2
22672 : 1 1 4 0 : 2
22682 : 1 0 5 0 : 2
22762 : 1 3 1 1 : 2
22772 : 1 2 2 1 : 1
22782 : 1 1 3 1 : 2
22792 : 1 0 4 1 : 2
22882 : 1 2 1 2 : 1
22892 : 1 1 2 2 : 0
22902 : 1 0 3 2 : 0
23002 : 1 1 1 3 : 0
23012 : 1 0 2 3 : 1
23122 : 1 0 1 4 : 1
23972 : 1 3 1 0 : 1
23982 : 1 2 2 0 : 2
23992 : 1 1 3 0 : 0
24002 : 1 0 4 0 : 0
24092 : 1 2 1 1 : 2
24102 : 1 1 2 1 : 2
24112 : 1 0 3 1 : 0
24212 : 1 1 1 2 : 1
24222 : 1 0 2 2 : 0
24332 : 1 0 1 3 : 1
25302 : 1 2 1 0 : 1
25312 : 1 1 2 0 : 2
25322 : 1 0 3 0 : 2
25422 : 1 1 1 1 : 2
25432 : 1 0 2 1 : 2
25542 : 1 0 1 2 : 0
26632 : 1 1 1 0 : 0
26642 : 1 0 2 0 : 0
26752 : 1 0 1 1 : 1
27962 : 1 0 1 0 : 1
29413 : 2 10 0 1 : 3
29423 : 2 9 1 1 : 2
29433 : 2 8 2 1 : 2
29443 : 2 7 3 1 : 2
29453 : 2 6 4 1 : 3
29463 : 2 5 5 1 : 3
29473 : 2 4 6 1 : 2
29483 : 2 3 7 1 : 2
29493 : 2 2 8 1 : 3
29503 : 2 1 9 1 : 2
29513 : 2 0 10 1 : 0
29533 : 2 9 0 2 : 3
29543 : 2 8 1 2 : 2
29553 : 2 7 2 2 : 3
29563 : 2 6 3 2 : 3
29573 : 2 5 4 2 : 3
29583 : 2 4 5 2 : 2
29593 : 2 3 6 2 : 2
29603 : 2 2 7 2 : 3
29613 : 2 1 8 2 : 0
29623 : 2 0 9 2 : 0
29653 : 2 8 0 3 : 3
29663 : 2 7 1 3 : 1
29673 : 2 6 2 3 : 3
29683 : 2 5 3 3 : 3
29693 : 2 4 4 3 : 3
29703 : 2 3 5 3 : 2
29713 : 2 2 6 3 : 3
29723 : 2 1 7 3 : 3
29733 : 2 0 8 3 : 2
29773 : 2 7 0 4 : 1
29783 : 2 6 1 4 : 3
29793 : 2 5 2 4 : 3
29803 : 2 4 3 4 : 2
29813 : 2 3 4 4 : 3
29823 : 2 2 5 4 : 3
29833 : 2 1 6 4 : 3
29843 : 2 0 7 4 : 0
29893 : 2 6 0 5 : 3
29903 : 2 5 1 5 : 1
29913 : 2 4 2 5 : 3
29923 : 2 3 3 5 : 3
29933 : 2 2 4 5 : 3
29943 : 2 1 5 5 : 0
29953 : 2 0 6 5 : 0
30013 : 2 5 0 6 : 3
30023 : 2 4 1 6 : 1
30033 : 2 3 2 6 : 3
30043 : 2 2 3 6 : 3
30053 : 2 1 4 6 : 0
30063 : 2 0 5 6 : 0
30133 : 2 4 0 7 : 3
30143 : 2 3 1 7 : 1
30153 : 2 2 2 7 : 3
30163 : 2 1 3 7 : 3
30173 : 2 0 4 7 : 0
30253 : 2 3 0 8 : 1
30263 : 2 2 1 8 : 1
30273 : 2 1 2 8 : 0
30283 : 2 0 3 8 : 0
30373 : 2 2 0 9 : 1
30383 : 2 1 1 9 : 0
30393 : 2 0 2 9 : 3
30493 : 2 1 0 10 : 3
30503 : 2 0 1 10 : 1
30613 : 2 0 0 11 : 3
30743 : 2 9 0 1 : 1
30753 : 2 8 1 1 : 2
30763 : 2 7 2 1 : 3
30773 : 2 6 3 1 : 3
30783 : 2 5 4 1 : 3
30793 : 2 4 5 1 : 2
30803 : 2 3 6 1 : 3
30813 : 2 2 7 1 : 3
30823 : 2 1 8 1 : 0
30833 : 2 0 9 1 : 0
30863 : 2 8 0 2 : 2
30873 : 2 7 1 2 : 1
30883 : 2 6 2 2 : 3
30893 : 2 5 3 2 : 3
30903 : 2 4 4 2 : 3
30913 : 2 3 5 2 : 2
30923 : 2 2 6 2 : 3
30933 : 2 1 7 2 : 2
30943 : 2 0 8 2 : 2
30983 : 2 7 0 3 : 1
30993 : 2 6 1 3 : 2
31003 : 2 5 2 3 : 3
31013 : 2 4 3 3 : 2
31023 : 2 3 4 3 : 2
31033 : 2 2 5 3 : 2
31043 : 2 1 6 3 : 0
31053 : 2 0 7 3 : 0
31103 : 2 6 0 4 : 2
31113 : 2 5 1 4 : 3
31123 : 2 4 2 4 : 3
31133 : 2 3 3 4 : 2
31143 : 2 2 4 4 : 3
31153 : 2 1 5 4 : 3
31163 : 2 0 6 4 : 0
31223 : 2 5 0 5 : 3
31233 : 2 4 1 5 : 1
31243 : 2 3 2 5 : 3
31253 : 2 2 3 5 : 3
31263 : 2 1 4 5 : 0
31273 : 2 0 5 5 : 3
31343 : 2 4 0 6 : 1
31353 : 2 3 1 6 : 1
31363 : 2 2 2 6 : 3
31373 : 2 1 3 6 : 0
31383 : 2 0 4 6 : 3
31463 : 2 3 0 7 : 1
31473 : 2 2 1 7 : 1
31483 : 2 1 2 7 : 3
31493 : 2 0 3 7 : 3
31583 : 2 2 0 8 : 3
31593 : 2 1 1 8 : 1
31603 : 2 0 2 8 : 3
31703 : 2 1 0 9 : 3
31713 : 2 0 1 9 : 1
31823 : 2 0 0 10 : 0
32073 : 2 8 0 1 : 2
32083 : 2 7 1 1 : 1
32093 : 2 6 2 1 : 2
32103 : 2 5 3 1 : 3
32113 : 2 4 4 1 : 2
32123 : 2 3 5 1 : 3
32133 : 2 2 6 1 : 2
32143 : 2 1 7 1 : 3
32153 : 2 0 8 1 : 3
32193 : 2 7 0 2 : 1
32203 : 2 6 1 2 : 1
32213 : 2 5 2 2 : 3
32223 : 2 4 3 2 : 3
32233 : 2 3 4 2 : 3
32243 : 2 2 5 2 : 3
32253 : 2 1 6 2 : 2
32263 : 2 0 7 2 : 2
32313 : 2 6 0 3 : 1
32323 : 2 5 1 3 : 3
32333 : 2 4 2 3 : 2
32343 : 2 3 3 3 : 3
32353 : 2 2 4 3 : 3
32363 : 2 1 5 3 : 0
32373 : 2 0 6 3 : 3
32433 : 2 5 0 4 : 1
32443 : 2 4 1 4 : 3
32453 : 2 3 2 4 : 2
32463 : 2 2 3 4 : 2
32473 : 2 1 4 4 : 3
32483 : 2 0 5 4 : 2
32553 : 2 4 0 5 : 1
32563 : 2 3 1 5 : 1
32573 : 2 2 2 5 : 3
32583 : 2 1 3 5 : 0
32593 : 2 0 4 5 : 0
32673 : 2 3 0 6 : 1
32683 : 2 2 1 6 : 1
32693 : 2 1 2 6 : 0
32703 : 2 0 3 6 : 0
32793 : 2 2 0 7 : 1
32803 : 2 1 1 7 : 3
32813 : 2 0 2 7 : 0
32913 : 2 1 0 8 : 1
32923 : 2 0 1 8 : 0
33033 : 2 0 0 9 : 1
33403 : 2 7 0 1 : 2
33413 : 2 6 1 1 : 2
33423 : 2 5 2 1 : 2
33433 : 2 4 3 1 : 2
33443 : 2 3 4 1 : 2
33453 : 2 2 5 1 : 2
33463 : 2 1 6 1 : 0
33473 : 2 0 7 1 : 2
33523 : 2 6 0 2 : 1
33533 : 2 5 1 2 : 2
33543 : 2 4 2 2 : 2
33553 : 2 3 3 2 : 2
33563 : 2 2 4 2 : 2
33573 : 2 1 5 2 : 0
33583 : 2 0 6 2 : 2
33643 : 2 5 0 3 : 1
33653 : 2 4 1 3 : 1
33663 : 2 3 2 3 : 2
33673 : 2 2 3 3 : 2
33683 : 2 1 4 3 : 0
33693 : 2 0 5 3 : 2
33763 : 2 4 0 4 : 1
33773 : 2 3 1 4 : 1
33783 : 2 2 2 4 : 2
33793 : 2 1 3 4 : 0
33803 : 2 0 4 4 : 2
33883 : 2 3 0 5 : 1
33893 : 2 2 1 5 : 1
33903 : 2 1 2 5 : 0
33913 : 2 0 3 5 : 0
34003 : 2 2 0 6 : 1
34013 : 2 1 1 6 : 0
34023 : 2 0 2 6 : 0
34123 : 2 1 0 7 : 0
34133 : 2 0 1 7 : 0
34243 : 2 0 0 8 : 0
34733 : 2 6 0 1 : 1
34743 : 2 5 1 1 : 1
34753 : 2 4 2 1 : 2
34763 : 2 3 3 1 : 2
34773 : 2 2 4 1 : 2
34783 : 2 1 5 1 : 0
34793 : 2 0 6 1 : 0
34853 : 2 5 0 2 : 1
34863 : 2 4 1 2 : 1
34873 : 2 3 2 2 : 2
34883 : 2 2 3 2 : 2
34893 : 2 1 4 2 : 2
34903 : 2 0 5 2 : 0
34973 : 2 4 0 3 : 1
34983 : 2 3 1 3 : 1
34993 : 2 2 2 3 : 2
35003 : 2 1 3 3 : 0
35013 : 2 0 4 3 : 2
35093 : 2 3 0 4 : 1
35103 : 2 2 1 4 : 1
35113 : 2 1 2 4 : 2
35123 : 2 0 3 4 : 2
35213 : 2 2 0 5 : 1
35223 : 2 1 1 5 : 0
35233 : 2 0 2 5 : 0
35333 : 2 1 0 6 : 1
35343 : 2 0 1 6 : 1
35453 : 2 0 0 7 : 0
36063 : 2 5 0 1 : 1
36073 : 2 4 1 1 : 2
36083 : 2 3 2 1 : 2
36093 : 2 2 3 1 : 2
36103 : 2 1 4 1 : 2
36113 : 2 0 5 1 : 0
36183 : 2 4 0 2 : 1
36193 : 2 3 1 2 : 1
36203 : 2 2 2 2 : 2
36213 : 2 1 3 2 : 2
36223 : 2 0 4 2 : 0
36303 : 2 3 0 3 : 1
36313 : 2 2 1 3 : 2
36323 : 2 1 2 3 : 2
36333 : 2 0 3 3 : 0
36423 : 2 2 0 4 : 2
36433 : 2 1 1 4 : 0
36443 : 2 0 2 4 : 0
36543 : 2 1 0 5 : 0
36553 : 2 0 1 5 : 0
36663 : 2 0 0 6 : 0
37393 : 2 4 0 1 : 2
37403 : 2 3 1 1 : 1
37413 : 2 2 2 1 : 2
37423 : 2 1 3 1 : 0
37433 : 2 0 4 1 : 0
37513 : 2 3 0 2 : 1
37523 : 2 2 1 2 : 2
37533 : 2 1 2 2 : 2
37543 : 2 0 3 2 : 2
37633 : 2 2 0 3 : 2
37643 : 2 1 1 3 : 2
37653 : 2 0 2 3 : 2
37753 : 2 1 0 4 : 0
37763 : 2 0 1 4 : 2
37873 : 2 0 0 5 : 1
38723 : 2 3 0 1 : 1
38733 : 2 2 1 1 : 2
38743 : 2 1 2 1 : 2
38753 : 2 0 3 1 : 0
38843 : 2 2 0 2 : 1
38853 : 2 1 1 2 : 2
38863 : 2 0 2 2 : 0
38963 : 2 1 0 3 : 2
38973 : 2 0 1 3 : 0
39083 : 2 0 0 4 : 2
40053 : 2 2 0 1 : 1
40063 : 2 1 1 1 : 0
40073 : 2 0 2 1 : 0
40173 : 2 1 0 2 : 0
40183 : 2 0 1 2 : 2
40293 : 2 0 0 3 : 2
41383 : 2 1 0 1 : 0
41393 : 2 0 1 1 : 2
41503 : 2 0 0 2 : 0
42713 : 2 0 0 1 : 1
45264 : 3 10 0 0 : 3
45274 : 3 9 1 0 : 1
45284 : 3 8 2 0 : 3
45294 : 3 7 3 0 : 2
45304 : 3 6 4 0 : 3
45314 : 3 5 5 0 : 3
45324 : 3 4 6 0 : 2
45334 : 3 3 7 0 : 2
45344 : 3 2 8 0 : 3
45354 : 3 1 9 0 : 2
45364 : 3 0 10 0 : 0
45384 : 3 9 0 1 : 1
45394 : 3 8 1 1 : 2
45404 : 3 7 2 1 : 3
45414 : 3 6 3 1 : 2
45424 : 3 5 4 1 : 2
45434 : 3 4 5 1 : 3
45444 : 3 3 6 1 : 2
45454 : 3 2 7 1 : 2
45464 : 3 1 8 1 : 0
45474 : 3 0 9 1 : 0
45504 : 3 8 0 2 : 1
45514 : 3 7 1 2 : 1
45524 : 3 6 2 2 : 3
45534 : 3 5 3 2 : 2
45544 : 3 4 4 2 : 2
45554 : 3 3 5 2 : 2
45564 : 3 2 6 2 : 3
45574 : 3 1 7 2 : 3
45584 : 3 0 8 2 : 0
45624 : 3 7 0 3 : 1
45634 : 3 6 1 3 : 1
45644 : 3 5 2 3 : 3
45654 : 3 4 3 3 : 2
45664 : 3 3 4 3 : 2
45674 : 3 2 5 3 : 2
45684 : 3 1 6 3 : 0
45694 : 3 0 7 3 : 0
45744 : 3 6 0 4 : 1
45754 : 3 5 1 4 : 3
45764 : 3 4 2 4 : 3
45774 : 3 3 3 4 : 3
45784 : 3 2 4 4 : 3
45794 : 3 1 5 4 : 0
45804 : 3 0 6 4 : 0
45864 : 3 5 0 5 : 1
45874 : 3 4 1 5 : 1
45884 : 3 3 2 5 : 3
45894 : 3 2 3 5 : 3
45904 : 3 1 4 5 : 0
45914 : 3 0 5 5 : 3
45984 : 3 4 0 6 : 3
45994 : 3 3 1 6 : 1
46004 : 3 2 2 6 : 3
46014 : 3 1 3 6 : 3
46024 : 3 0 4 6 : 0
46104 : 3 3 0 7 : 1
46114 : 3 2 1 7 : 3
46124 : 3 1 2 7 : 3
46134 : 3 0 3 7 : 0
46224 : 3 2 0 8 : 3
46234 : 3 1 1 8 : 0
46244 : 3 0 2 8 : 0
46344 : 3 1 0 9 : 0
46354 : 3 0 1 9 : 1
46464 : 3 0 0 10 : 3
46594 : 3 9 0 0 : 1
46604 : 3 8 1 0 : 1
46614 : 3 7 2 0 : 2
46624 : 3 6 3 0 : 2
46634 : 3 5 4 0 : 3
46644 : 3 4 5 0 : 2
46654 : 3 3 6 0 : 3
46664 : 3 2 7 0 : 3
46674 : 3 1 8 0 : 0
46684 : 3 0 9 0 : 3
46714 : 3 8 0 1 : 3
46724 : 3 7 1 1 : 1
46734 : 3 6 2 1 : 3
46744 : 3 5 3 1 : 2
46754 : 3 4 4 1 : 2
46764 : 3 3 5 1 : 2
46774 : 3 2 6 1 : 3
46784 : 3 1 7 1 : 3
46794 : 3 0 8 1 : 2
46834 : 3 7 0 2 : 1
46844 : 3 6 1 2 : 3
46854 : 3 5 2 2 : 3
46864 : 3 4 3 2 : 2
46874 : 3 3 4 2 : 3
46884 : 3 2 5 2 : 2
46894 : 3 1 6 2 : 0
46904 : 3 0 7 2 : 3
46954 : 3 6 0 3 : 2
46964 : 3 5 1 3 : 1
46974 : 3 4 2 3 : 3
46984 : 3 3 3 3 : 2
46994 : 3 2 4 3 : 3
47004 : 3 1 5 3 : 3
47014 : 3 0 6 3 : 0
47074 : 3 5 0 4 : 1
47084 : 3 4 1 4 : 3
47094 : 3 3 2 4 : 3
47104 : 3 2 3 4 : 3
47114 : 3 1 4 4 : 0
47124 : 3 0 5 4 : 3
47194 : 3 4 0 5 : 3
47204 : 3 3 1 5 : 3
47214 : 3 2 2 5 : 3
47224 : 3 1 3 5 : 3
47234 : 3 0 4 5 : 3
47314 : 3 3 0 6 : 1
47324 : 3 2 1 6 : 3
47334 : 3 1 2 6 : 0
47344 : 3 0 3 6 : 3
47434 : 3 2 0 7 : 3
47444 : 3 1 1 7 : 1
47454 : 3 0 2 7 : 3
47554 : 3 1 0 8 : 0
47564 : 3 0 1 8 : 0
47674 : 3 0 0 9 : 0
47924 : 3 8 0 0 : 2
47934 : 3 7 1 0 : 3
47944 : 3 6 2 0 : 2
47954 : 3 5 3 0 : 3
47964 : 3 4 4 0 : 3
47974 : 3 3 5 0 : 3
47984 : 3 2 6 0 : 2
47994 : 3 1 7 0 : 3
48004 : 3 0 8 0 : 0
48044 : 3 7 0 1 : 1
48054 : 3 6 1 1 : 1
48064 : 3 5 2 1 : 3
48074 : 3 4 3 1 : 2
48084 : 3 3 4 1 : 2
48094 : 3 2 5 1 : 3
48104 : 3 1 6 1 : 3
48114 : 3 0 7 1 : 0
48164 : 3 6 0 2 : 1
48174 : 3 5 1 2 : 3
48184 : 3 4 2 2 : 2
48194 : 3 3 3 2 : 3
48204 : 3 2 4 2 : 2
48214 : 3 1 5 2 : 0
48224 : 3 0 6 2 : 3
48284 : 3 5 0 3 : 1
48294 : 3 4 1 3 : 1
48304 : 3 3 2 3 : 2
48314 : 3 2 3 3 : 2
48324 : 3 1 4 3 : 0
48334 : 3 0 5 3 : 2
48404 : 3 4 0 4 : 1
48414 : 3 3 1 4 : 3
48424 : 3 2 2 4 : 3
48434 : 3 1 3 4 : 0
48444 : 3 0 4 4 : 3
48524 : 3 3 0 5 : 1
48534 : 3 2 1 5 : 3
48544 : 3 1 2 5 : 3
48554 : 3 0 3 5 : 3
48644 : 3 2 0 6 : 1
48654 : 3 1 1 6 : 0
48664 : 3 0 2 6 : 3
48764 : 3 1 0 7 : 3
48774 : 3 0 1 7 : 0
48884 : 3 0 0 8 : 0
49254 : 3 7 0 0 : 2
49264 : 3 6 1 0 : 2
49274 : 3 5 2 0 : 2
49284 : 3 4 3 0 : 2
49294 : 3 3 4 0 : 2
49304 : 3 2 5 0 : 2
49314 : 3 1 6 0 : 0
49324 : 3 0 7 0 : 2
49374 : 3 6 0 1 : 1
49384 : 3 5 1 1 : 2
49394 : 3 4 2 1 : 2
49404 : 3 3 3 1 : 2
49414 : 3 2 4 1 : 2
49424 : 3 1 5 1 : 0
49434 : 3 0 6 1 : 0
49494 : 3 5 0 2 : 1
49504 : 3 4 1 2 : 1
49514 : 3 3 2 2 : 2
49524 : 3 2 3 2 : 2
49534 : 3 1 4 2 : 0
49544 : 3 0 5 2 : 2
49614 : 3 4 0 3 : 1
49624 : 3 3 1 3 : 1
49634 : 3 2 2 3 : 2
49644 : 3 1 3 3 : 0
49654 : 3 0 4 3 : 0
49734 : 3 3 0 4 : 1
49744 : 3 2 1 4 : 1
49754 : 3 1 2 4 : 0
49764 : 3 0 3 4 : 0
49854 : 3 2 0 5 : 1
49864 : 3 1 1 5 : 0
49874 : 3 0 2 5 : 0
49974 : 3 1 0 6 : 0
49984 : 3 0 1 6 : 0
50094 : 3 0 0 7 : 0
50584 : 3 6 0 0 : 1
50594 : 3 5 1 0 : 1
50604 : 3 4 2 0 : 2
50614 : 3 3 3 0 : 2
50624 : 3 2 4 0 : 2
50634 : 3 1 5 0 : 0
50644 : 3 0 6 0 : 0
50704 : 3 5 0 1 : 1
50714 : 3 4 1 1 : 1
50724 : 3 3 2 1 : 2
50734 : 3 2 3 1 : 2
50744 : 3 1 4 1 : 2
50754 : 3 0 5 1 : 2
50824 : 3 4 0 2 : 1
50834 : 3 3 1 2 : 1
50844 : 3 2 2 2 : 2
50854 : 3 1 3 2 : 0
50864 : 3 0 4 2 : 2
50944 : 3 3 0 3 : 1
50954 : 3 2 1 3 : 1
50964 : 3 1 2 3 : 2
50974 : 3 0 3 3 : 0
51064 : 3 2 0 4 : 1
51074 : 3 1 1 4 : 0
51084 : 3 0 2 4 : 0
51184 : 3 1 0 5 : 1
51194 : 3 0 1 5 : 1
51304 : 3 0 0 6 : 0
51914 : 3 5 0 0 : 2
51924 : 3 4 1 0 : 2
51934 : 3 3 2 0 : 2
51944 : 3 2 3 0 : 2
51954 : 3 1 4 0 : 2
51964 : 3 0 5 0 : 2
52034 : 3 4 0 1 : 1
52044 : 3 3 1 1 : 1
52054 : 3 2 2 1 : 2
52064 : 3 1 3 1 : 2
52074 : 3 0 4 1 : 2
52154 : 3 3 0 2 : 1
52164 : 3 2 1 2 : 2
52174 : 3 1 2 2 : 2
52184 : 3 0 3 2 : 0
52274 : 3 2 0 3 : 2
52284 : 3 1 1 3 : 0
52294 : 3 0 2 3 : 0
52394 : 3 1 0 4 : 0
52404 : 3 0 1 4 : 0
52514 : 3 0 0 5 : 0
53244 : 3 4 0 0 : 2
53254 : 3 3 1 0 : 1
53264 : 3 2 2 0 : 2
53274 : 3 1 3 0 : 0
53284 : 3 0 4 0 : 0
53364 : 3 3 0 1 : 1
53374 : 3 2 1 1 : 1
53384 : 3 1 2 1 : 2
53394 : 3 0 3 1 : 0
53484 : 3 2 0 2 : 2
53494 : 3 1 1 2 : 0
53504 : 3 0 2 2 : 0
53604 : 3 1 0 3 : 0
53614 : 3 0 1 3 : 1
53724 : 3 0 0 4 : 1
54574 : 3 3 0 0 : 1
54584 : 3 2 1 0 : 2
54594 : 3 1 2 0 : 2
54604 : 3 0 3 0 : 0
54694 : 3 2 0 1 : 1
54704 : 3 1 1 1 : 2
54714 : 3 0 2 1 : 2
54814 : 3 1 0 2 : 0
54824 : 3 0 1 2 : 0
54934 : 3 0 0 3 : 2
55904 : 3 2 0 0 : 1
55914 : 3 1 1 0 : 0
55924 : 3 0 2 0 : 0
56024 : 3 1 0 1 : 0
56034 : 3 0 1 1 : 2
56144 : 3 0 0 2 : 2
57234 : 3 1 0 0 : 0
57244 : 3 0 1 0 : 0
57354 : 3 0 0 1 : 1
58564 : 3 0 0 0 : 0
