11 3
21 3
31 2
41 2
51 3
61 2
71 2
81 2
91 3
101 3
111 3
131 1
141 1
151 3
161 2
171 3
181 2
191 2
201 2
211 0
221 2
251 2
261 3
271 3
281 3
291 2
301 2
311 2
321 2
331 2
371 2
381 1
391 2
401 3
411 3
421 3
431 3
441 0
491 3
501 1
511 3
521 3
531 3
541 3
551 0
611 1
621 3
631 3
641 3
651 3
661 3
731 3
741 3
751 3
761 3
771 3
851 3
861 3
871 0
881 3
971 3
981 0
991 0
1091 1
1101 1
1211 1
1341 3
1351 3
1361 3
1371 2
1381 3
1391 2
1401 3
1411 2
1421 0
1431 0
1461 3
1471 2
1481 3
1491 3
1501 3
1511 2
1521 3
1531 2
1541 3
1581 3
1591 3
1601 3
1611 3
1621 2
1631 2
1641 2
1651 0
1701 2
1711 2
1721 3
1731 2
1741 3
1751 2
1761 2
1821 1
1831 1
1841 3
1851 3
1861 3
1871 3
1941 3
1951 3
1961 3
1971 3
1981 3
2061 1
2071 3
2081 0
2091 3
2181 3
2191 1
2201 3
2301 0
2311 0
2421 3
2671 3
2681 2
2691 2
2701 3
2711 2
2721 3
2731 2
2741 2
2751 2
2791 2
2801 2
2811 3
2821 3
2831 3
2841 2
2851 2
2861 0
2911 3
2921 1
2931 2
2941 2
2951 2
2961 0
2971 2
3031 1
3041 3
3051 2
3061 2
3071 2
3081 2
3151 1
3161 1
3171 3
3181 0
3191 0
3271 1
3281 3
3291 3
3301 3
3391 3
3401 0
3411 0
3511 1
3521 1
3631 0
4001 1
4011 1
4021 2
4031 2
4041 2
4051 2
4061 2
4071 2
4121 1
4131 2
4141 2
4151 2
4161 2
4171 2
4181 0
4241 1
4251 1
4261 2
4271 2
4281 2
4291 2
4361 1
4371 1
4381 2
4391 0
4401 2
4481 1
4491 1
4501 0
4511 0
4601 1
4611 1
4621 0
4721 0
4731 0
4841 1
5331 1
5341 1
5351 2
5361 2
5371 2
5381 2
5391 0
5451 1
5461 1
5471 2
5481 2
5491 0
5501 2
5571 1
5581 1
5591 2
5601 2
5611 0
5691 1
5701 1
5711 2
5721 2
5811 1
5821 0
5831 0
5931 1
5941 1
6051 1
6661 2
6671 1
6681 2
6691 2
6701 2
6711 0
6781 1
6791 1
6801 2
6811 2
6821 2
6901 1
6911 2
6921 2
6931 2
7021 2
7031 1
7041 0
7141 1
7151 1
7261 1
7991 2
8001 1
8011 2
8021 0
8031 0
8111 1
8121 1
8131 2
8141 0
8231 1
8241 0
8251 2
8351 2
8361 1
8471 1
9321 1
9331 2
9341 2
9351 2
9441 1
9451 1
9461 2
9561 0
9571 1
9681 2
10651 1
10661 1
10671 0
10771 1
10781 1
10891 2
11981 0
11991 2
12101 1
13311 0
14662 3
14672 2
14682 2
14692 2
14702 2
14712 2
14722 2
14732 2
14742 3
14752 2
14762 3
14782 2
14792 1
14802 3
14812 2
14822 2
14832 3
14842 2
14852 2
14862 2
14872 3
14902 2
14912 1
14922 3
14932 3
14942 2
14952 2
14962 3
14972 2
14982 3
15022 3
15032 1
15042 2
15052 3
15062 3
15072 3
15082 0
15092 3
15142 3
15152 1
15162 3
15172 3
15182 3
15192 0
15202 0
15262 3
15272 3
15282 3
15292 3
15302 0
15312 3
15382 3
15392 3
15402 3
15412 3
15422 0
15502 1
15512 3
15522 0
15532 0
15622 3
15632 0
15642 0
15742 3
15752 1
15862 3
15992 1
16002 1
16012 3
16022 2
16032 3
16042 2
16052 3
16062 3
16072 2
16082 0
16112 3
16122 1
16132 3
16142 3
16152 3
16162 2
16172 2
16182 2
16192 0
16232 3
16242 2
16252 3
16262 2
16272 2
16282 3
16292 0
16302 3
16352 2
16362 2
16372 3
16382 2
16392 3
16402 2
16412 0
16472 1
16482 1
16492 3
16502 3
16512 3
16522 0
16592 3
16602 3
16612 3
16622 0
16632 3
16712 1
16722 3
16732 3
16742 3
16832 3
16842 1
16852 3
16952 0
16962 1
17072 0
17322 2
17332 2
17342 2
17352 3
17362 2
17372 3
17382 2
17392 2
17402 3
17442 1
17452 2
17462 3
17472 3
17482 3
17492 3
17502 0
17512 3
17562 1
17572 3
17582 2
17592 2
17602 2
17612 0
17622 2
17682 1
17692 2
17702 2
17712 2
17722 3
17732 3
17802 3
17812 1
17822 3
17832 0
17842 0
17922 3
17932 3
17942 0
17952 0
18042 1
18052 1
18062 0
18162 1
18172 0
18282 1
18652 2
18662 2
18672 2
18682 2
18692 2
18702 2
18712 0
18722 2
18772 1
18782 2
18792 2
18802 2
18812 2
18822 0
18832 0
18892 2
18902 1
18912 2
18922 2
18932 0
18942 0
19012 2
19022 1
19032 2
19042 0
19052 2
19132 1
19142 1
19152 0
19162 0
19252 1
19262 1
19272 0
19372 0
19382 0
19492 0
19982 1
19992 2
20002 2
20012 2
20022 2
20032 0
20042 0
20102 2
20112 2
20122 2
20132 2
20142 0
20152 0
20222 2
20232 1
20242 2
20252 2
20262 0
20342 1
20352 1
20362 0
20372 0
20462 1
20472 0
20482 0
20582 1
20592 1
20702 0
21312 2
21322 1
21332 2
21342 2
21352 0
21362 0
21432 2
21442 2
21452 2
21462 0
21472 0
21552 2
21562 2
21572 0
21582 0
21672 2
21682 0
21692 0
21792 1
21802 0
21912 0
22642 2
22652 2
22662 2
22672 2
22682 2
22762 2
22772 1
22782 2
22792 2
22882 1
22892 0
22902 0
23002 0
23012 1
23122 1
23972 1
23982 2
23992 0
24002 0
24092 2
24102 2
24112 0
24212 1
24222 0
24332 1
25302 1
25312 2
25322 2
25422 2
25432 2
25542 0
26632 0
26642 0
26752 1
27962 1
29413 3
29423 2
29433 2
29443 2
29453 3
29463 3
29473 2
29483 2
29493 3
29503 2
29513 0
29533 3
29543 2
29553 3
29563 3
29573 3
29583 2
29593 2
29603 3
29613 0
29623 0
29653 3
29663 1
29673 3
29683 3
29693 3
29703 2
29713 3
29723 3
29733 2
29773 1
29783 3
29793 3
29803 2
29813 3
29823 3
29833 3
29843 0
29893 3
29903 1
29913 3
29923 3
29933 3
29943 0
29953 0
30013 3
30023 1
30033 3
30043 3
30053 0
30063 0
30133 3
30143 1
30153 3
30163 3
30173 0
30253 1
30263 1
30273 0
30283 0
30373 1
30383 0
30393 3
30493 3
30503 1
30613 3
30743 1
30753 2
30763 3
30773 3
30783 3
30793 2
30803 3
30813 3
30823 0
30833 0
30863 2
30873 1
30883 3
30893 3
30903 3
30913 2
30923 3
30933 2
30943 2
30983 1
30993 2
31003 3
31013 2
31023 2
31033 2
31043 0
31053 0
31103 2
31113 3
31123 3
31133 2
31143 3
31153 3
31163 0
31223 3
31233 1
31243 3
31253 3
31263 0
31273 3
31343 1
31353 1
31363 3
31373 0
31383 3
31463 1
31473 1
31483 3
31493 3
31583 3
31593 1
31603 3
31703 3
31713 1
31823 0
32073 2
32083 1
32093 2
32103 3
32113 2
32123 3
32133 2
32143 3
32153 3
32193 1
32203 1
32213 3
32223 3
32233 3
32243 3
32253 2
32263 2
32313 1
32323 3
32333 2
32343 3
32353 3
32363 0
32373 3
32433 1
32443 3
32453 2
32463 2
32473 3
32483 2
32553 1
32563 1
32573 3
32583 0
32593 0
32673 1
32683 1
32693 0
32703 0
32793 1
32803 3
32813 0
32913 1
32923 0
33033 1
33403 2
33413 2
33423 2
33433 2
33443 2
33453 2
33463 0
33473 2
33523 1
33533 2
33543 2
33553 2
33563 2
33573 0
33583 2
33643 1
33653 1
33663 2
33673 2
33683 0
33693 2
33763 1
33773 1
33783 2
33793 0
33803 2
33883 1
33893 1
33903 0
33913 0
34003 1
34013 0
34023 0
34123 0
34133 0
34243 0
34733 1
34743 1
34753 2
34763 2
34773 2
34783 0
34793 0
34853 1
34863 1
34873 2
34883 2
34893 2
34903 0
34973 1
34983 1
34993 2
35003 0
35013 2
35093 1
35103 1
35113 2
35123 2
35213 1
35223 0
35233 0
35333 1
35343 1
35453 0
36063 1
36073 2
36083 2
36093 2
36103 2
36113 0
36183 1
36193 1
36203 2
36213 2
36223 0
36303 1
36313 2
36323 2
36333 0
36423 2
36433 0
36443 0
36543 0
36553 0
36663 0
37393 2
37403 1
37413 2
37423 0
37433 0
37513 1
37523 2
37533 2
37543 2
37633 2
37643 2
37653 2
37753 0
37763 2
37873 1
38723 1
38733 2
38743 2
38753 0
38843 1
38853 2
38863 0
38963 2
38973 0
39083 2
40053 1
40063 0
40073 0
40173 0
40183 2
40293 2
41383 0
41393 2
41503 0
42713 1
45264 3
45274 1
45284 3
45294 2
45304 3
45314 3
45324 2
45334 2
45344 3
45354 2
45364 0
45384 1
45394 2
45404 3
45414 2
45424 2
45434 3
45444 2
45454 2
45464 0
45474 0
45504 1
45514 1
45524 3
45534 2
45544 2
45554 2
45564 3
45574 3
45584 0
45624 1
45634 1
45644 3
45654 2
45664 2
45674 2
45684 0
45694 0
45744 1
45754 3
45764 3
45774 3
45784 3
45794 0
45804 0
45864 1
45874 1
45884 3
45894 3
45904 0
45914 3
45984 3
45994 1
46004 3
46014 3
46024 0
46104 1
46114 3
46124 3
46134 0
46224 3
46234 0
46244 0
46344 0
46354 1
46464 3
46594 1
46604 1
46614 2
46624 2
46634 3
46644 2
46654 3
46664 3
46674 0
46684 3
46714 3
46724 1
46734 3
46744 2
46754 2
46764 2
46774 3
46784 3
46794 2
46834 1
46844 3
46854 3
46864 2
46874 3
46884 2
46894 0
46904 3
46954 2
46964 1
46974 3
46984 2
46994 3
47004 3
47014 0
47074 1
47084 3
47094 3
47104 3
47114 0
47124 3
47194 3
47204 3
47214 3
47224 3
47234 3
47314 1
47324 3
47334 0
47344 3
47434 3
47444 1
47454 3
47554 0
47564 0
47674 0
47924 2
47934 3
47944 2
47954 3
47964 3
47974 3
47984 2
47994 3
48004 0
48044 1
48054 1
48064 3
48074 2
48084 2
48094 3
48104 3
48114 0
48164 1
48174 3
48184 2
48194 3
48204 2
48214 0
48224 3
48284 1
48294 1
48304 2
48314 2
48324 0
48334 2
48404 1
48414 3
48424 3
48434 0
48444 3
48524 1
48534 3
48544 3
48554 3
48644 1
48654 0
48664 3
48764 3
48774 0
48884 0
49254 2
49264 2
49274 2
49284 2
49294 2
49304 2
49314 0
49324 2
49374 1
49384 2
49394 2
49404 2
49414 2
49424 0
49434 0
49494 1
49504 1
49514 2
49524 2
49534 0
49544 2
49614 1
49624 1
49634 2
49644 0
49654 0
49734 1
49744 1
49754 0
49764 0
49854 1
49864 0
49874 0
49974 0
49984 0
50094 0
50584 1
50594 1
50604 2
50614 2
50624 2
50634 0
50644 0
50704 1
50714 1
50724 2
50734 2
50744 2
50754 2
50824 1
50834 1
50844 2
50854 0
50864 2
50944 1
50954 1
50964 2
50974 0
51064 1
51074 0
51084 0
51184 1
51194 1
51304 0
51914 2
51924 2
51934 2
51944 2
51954 2
51964 2
52034 1
52044 1
52054 2
52064 2
52074 2
52154 1
52164 2
52174 2
52184 0
52274 2
52284 0
52294 0
52394 0
52404 0
52514 0
53244 2
53254 1
53264 2
53274 0
53284 0
53364 1
53374 1
53384 2
53394 0
53484 2
53494 0
53504 0
53604 0
53614 1
53724 1
54574 1
54584 2
54594 2
54604 0
54694 1
54704 2
54714 2
54814 0
54824 0
54934 2
55904 1
55914 0
55924 0
56024 0
56034 2
56144 2
57234 0
57244 0
57354 1
58564 0
