5 1
9 2
13 1
17 0
21 0
29 0
33 0
37 1
41 1
53 1
57 3
61 4
77 0
81 3
101 2
129 1
133 3
137 0
141 2
153 2
157 0
161 1
177 4
181 1
201 2
253 1
257 0
261 0
277 3
281 2
301 0
377 3
381 1
401 4
501 1
629 2
633 2
637 2
641 3
653 1
657 1
661 2
677 3
681 3
701 2
753 0
757 2
761 0
777 3
781 2
801 2
877 4
881 1
901 2
1001 0
1253 1
1257 3
1261 3
1277 4
1281 0
1301 4
1377 0
1381 3
1401 3
1501 3
1877 1
1881 3
1901 0
2001 0
2501 4
3134 2
3138 3
3142 1
3146 4
3150 3
3158 1
3162 0
3166 0
3170 1
3182 0
3186 0
3190 2
3206 3
3210 3
3230 2
3258 3
3262 2
3266 3
3270 0
3282 3
3286 2
3290 1
3306 4
3310 0
3330 4
3382 1
3386 2
3390 0
3406 4
3410 3
3430 1
3506 2
3510 3
3530 4
3630 2
3758 1
3762 2
3766 1
3770 1
3782 2
3786 2
3790 3
3806 4
3810 3
3830 1
3882 1
3886 1
3890 0
3906 3
3910 0
3930 2
4006 0
4010 0
4030 1
4130 3
4382 0
4386 3
4390 0
4406 2
4410 4
4430 4
4506 1
4510 2
4530 0
4630 0
5006 1
5010 0
5030 4
5130 2
5630 2
6279 1
6283 2
6287 3
6291 0
6295 0
6303 3
6307 2
6311 2
6315 3
6327 4
6331 4
6335 2
6351 0
6355 0
6375 4
6403 2
6407 4
6411 0
6415 1
6427 4
6431 0
6435 4
6451 0
6455 0
6475 0
6527 1
6531 1
6535 1
6551 0
6555 4
6575 1
6651 4
6655 0
6675 4
6775 4
6903 0
6907 3
6911 0
6915 0
6927 3
6931 2
6935 0
6951 0
6955 2
6975 0
7027 1
7031 4
7035 1
7051 2
7055 2
7075 2
7151 1
7155 0
7175 1
7275 3
7527 3
7531 0
7535 1
7551 2
7555 3
7575 2
7651 1
7655 3
7675 1
7775 4
8151 3
8155 3
8175 4
8275 0
8775 1
9504 3
9508 4
9512 4
9516 4
9520 0
9528 1
9532 0
9536 0
9540 0
9552 0
9556 4
9560 1
9576 0
9580 3
9600 3
9628 2
9632 4
9636 4
9640 2
9652 4
9656 0
9660 4
9676 3
9680 3
9700 0
9752 3
9756 4
9760 4
9776 4
9780 0
9800 2
9876 1
9880 0
9900 3
10000 3
10128 4
10132 3
10136 3
10140 2
10152 4
10156 2
10160 4
10176 3
10180 1
10200 3
10252 3
10256 0
10260 0
10276 0
10280 0
10300 0
10376 0
10380 4
10400 4
10500 1
10752 2
10756 1
10760 2
10776 2
10780 0
10800 1
10876 1
10880 1
10900 3
11000 0
11376 1
11380 1
11400 4
11500 3
12000 0
13129 2
13133 2
13137 1
13141 2
13145 1
13153 0
13157 4
13161 3
13165 3
13177 3
13181 2
13185 4
13201 3
13205 4
13225 3
13253 0
13257 2
13261 1
13265 0
13277 3
13281 2
13285 2
13301 0
13305 3
13325 3
13377 3
13381 0
13385 3
13401 4
13405 1
13425 3
13501 1
13505 2
13525 1
13625 4
13753 3
13757 0
13761 1
13765 1
13777 2
13781 2
13785 4
13801 3
13805 3
13825 4
13877 0
13881 1
13885 3
13901 0
13905 3
13925 1
14001 3
14005 1
14025 2
14125 2
14377 3
14381 2
14385 1
14401 4
14405 1
14425 4
14501 0
14505 2
14525 3
14625 2
15001 0
15005 1
15025 4
15125 2
15625 2
