    5 : 0 5 0 0 0 0
    9 : 0 4 1 0 0 0
   13 : 0 3 2 0 0 0
   17 : 0 2 3 0 0 0
   21 : 0 1 4 0 0 0
   29 : 0 4 0 1 0 0
   33 : 0 3 1 1 0 0
   37 : 0 2 2 1 0 0
   41 : 0 1 3 1 0 0
   53 : 0 3 0 2 0 0
   57 : 0 2 1 2 0 0
   61 : 0 1 2 2 0 0
   77 : 0 2 0 3 0 0
   81 : 0 1 1 3 0 0
  101 : 0 1 0 4 0 0
  129 : 0 4 0 0 1 0
  133 : 0 3 1 0 1 0
  137 : 0 2 2 0 1 0
  141 : 0 1 3 0 1 0
  153 : 0 3 0 1 1 0
  157 : 0 2 1 1 1 0
  161 : 0 1 2 1 1 0
  177 : 0 2 0 2 1 0
  181 : 0 1 1 2 1 0
  201 : 0 1 0 3 1 0
  253 : 0 3 0 0 2 0
  257 : 0 2 1 0 2 0
  261 : 0 1 2 0 2 0
  277 : 0 2 0 1 2 0
  281 : 0 1 1 1 2 0
  301 : 0 1 0 2 2 0
  377 : 0 2 0 0 3 0
  381 : 0 1 1 0 3 0
  401 : 0 1 0 1 3 0
  501 : 0 1 0 0 4 0
  629 : 0 4 0 0 0 1
  633 : 0 3 1 0 0 1
  637 : 0 2 2 0 0 1
  641 : 0 1 3 0 0 1
  653 : 0 3 0 1 0 1
  657 : 0 2 1 1 0 1
  661 : 0 1 2 1 0 1
  677 : 0 2 0 2 0 1
  681 : 0 1 1 2 0 1
  701 : 0 1 0 3 0 1
  753 : 0 3 0 0 1 1
  757 : 0 2 1 0 1 1
  761 : 0 1 2 0 1 1
  777 : 0 2 0 1 1 1
  781 : 0 1 1 1 1 1
  801 : 0 1 0 2 1 1
  877 : 0 2 0 0 2 1
  881 : 0 1 1 0 2 1
  901 : 0 1 0 1 2 1
 1001 : 0 1 0 0 3 1
 1253 : 0 3 0 0 0 2
 1257 : 0 2 1 0 0 2
 1261 : 0 1 2 0 0 2
 1277 : 0 2 0 1 0 2
 1281 : 0 1 1 1 0 2
 1301 : 0 1 0 2 0 2
 1377 : 0 2 0 0 1 2
 1381 : 0 1 1 0 1 2
 1401 : 0 1 0 1 1 2
 1501 : 0 1 0 0 2 2
 1877 : 0 2 0 0 0 3
 1881 : 0 1 1 0 0 3
 1901 : 0 1 0 1 0 3
 2001 : 0 1 0 0 1 3
 2501 : 0 1 0 0 0 4
 3134 : 1 4 1 0 0 0
 3138 : 1 3 2 0 0 0
 3142 : 1 2 3 0 0 0
 3146 : 1 1 4 0 0 0
 3150 : 1 0 5 0 0 0
 3158 : 1 3 1 1 0 0
 3162 : 1 2 2 1 0 0
 3166 : 1 1 3 1 0 0
 3170 : 1 0 4 1 0 0
 3182 : 1 2 1 2 0 0
 3186 : 1 1 2 2 0 0
 3190 : 1 0 3 2 0 0
 3206 : 1 1 1 3 0 0
 3210 : 1 0 2 3 0 0
 3230 : 1 0 1 4 0 0
 3258 : 1 3 1 0 1 0
 3262 : 1 2 2 0 1 0
 3266 : 1 1 3 0 1 0
 3270 : 1 0 4 0 1 0
 3282 : 1 2 1 1 1 0
 3286 : 1 1 2 1 1 0
 3290 : 1 0 3 1 1 0
 3306 : 1 1 1 2 1 0
 3310 : 1 0 2 2 1 0
 3330 : 1 0 1 3 1 0
 3382 : 1 2 1 0 2 0
 3386 : 1 1 2 0 2 0
 3390 : 1 0 3 0 2 0
 3406 : 1 1 1 1 2 0
 3410 : 1 0 2 1 2 0
 3430 : 1 0 1 2 2 0
 3506 : 1 1 1 0 3 0
 3510 : 1 0 2 0 3 0
 3530 : 1 0 1 1 3 0
 3630 : 1 0 1 0 4 0
 3758 : 1 3 1 0 0 1
 3762 : 1 2 2 0 0 1
 3766 : 1 1 3 0 0 1
 3770 : 1 0 4 0 0 1
 3782 : 1 2 1 1 0 1
 3786 : 1 1 2 1 0 1
 3790 : 1 0 3 1 0 1
 3806 : 1 1 1 2 0 1
 3810 : 1 0 2 2 0 1
 3830 : 1 0 1 3 0 1
 3882 : 1 2 1 0 1 1
 3886 : 1 1 2 0 1 1
 3890 : 1 0 3 0 1 1
 3906 : 1 1 1 1 1 1
 3910 : 1 0 2 1 1 1
 3930 : 1 0 1 2 1 1
 4006 : 1 1 1 0 2 1
 4010 : 1 0 2 0 2 1
 4030 : 1 0 1 1 2 1
 4130 : 1 0 1 0 3 1
 4382 : 1 2 1 0 0 2
 4386 : 1 1 2 0 0 2
 4390 : 1 0 3 0 0 2
 4406 : 1 1 1 1 0 2
 4410 : 1 0 2 1 0 2
 4430 : 1 0 1 2 0 2
 4506 : 1 1 1 0 1 2
 4510 : 1 0 2 0 1 2
 4530 : 1 0 1 1 1 2
 4630 : 1 0 1 0 2 2
 5006 : 1 1 1 0 0 3
 5010 : 1 0 2 0 0 3
 5030 : 1 0 1 1 0 3
 5130 : 1 0 1 0 1 3
 5630 : 1 0 1 0 0 4
 6279 : 2 4 0 1 0 0
 6283 : 2 3 1 1 0 0
 6287 : 2 2 2 1 0 0
 6291 : 2 1 3 1 0 0
 6295 : 2 0 4 1 0 0
 6303 : 2 3 0 2 0 0
 6307 : 2 2 1 2 0 0
 6311 : 2 1 2 2 0 0
 6315 : 2 0 3 2 0 0
 6327 : 2 2 0 3 0 0
 6331 : 2 1 1 3 0 0
 6335 : 2 0 2 3 0 0
 6351 : 2 1 0 4 0 0
 6355 : 2 0 1 4 0 0
 6375 : 2 0 0 5 0 0
 6403 : 2 3 0 1 1 0
 6407 : 2 2 1 1 1 0
 6411 : 2 1 2 1 1 0
 6415 : 2 0 3 1 1 0
 6427 : 2 2 0 2 1 0
 6431 : 2 1 1 2 1 0
 6435 : 2 0 2 2 1 0
 6451 : 2 1 0 3 1 0
 6455 : 2 0 1 3 1 0
 6475 : 2 0 0 4 1 0
 6527 : 2 2 0 1 2 0
 6531 : 2 1 1 1 2 0
 6535 : 2 0 2 1 2 0
 6551 : 2 1 0 2 2 0
 6555 : 2 0 1 2 2 0
 6575 : 2 0 0 3 2 0
 6651 : 2 1 0 1 3 0
 6655 : 2 0 1 1 3 0
 6675 : 2 0 0 2 3 0
 6775 : 2 0 0 1 4 0
 6903 : 2 3 0 1 0 1
 6907 : 2 2 1 1 0 1
 6911 : 2 1 2 1 0 1
 6915 : 2 0 3 1 0 1
 6927 : 2 2 0 2 0 1
 6931 : 2 1 1 2 0 1
 6935 : 2 0 2 2 0 1
 6951 : 2 1 0 3 0 1
 6955 : 2 0 1 3 0 1
 6975 : 2 0 0 4 0 1
 7027 : 2 2 0 1 1 1
 7031 : 2 1 1 1 1 1
 7035 : 2 0 2 1 1 1
 7051 : 2 1 0 2 1 1
 7055 : 2 0 1 2 1 1
 7075 : 2 0 0 3 1 1
 7151 : 2 1 0 1 2 1
 7155 : 2 0 1 1 2 1
 7175 : 2 0 0 2 2 1
 7275 : 2 0 0 1 3 1
 7527 : 2 2 0 1 0 2
 7531 : 2 1 1 1 0 2
 7535 : 2 0 2 1 0 2
 7551 : 2 1 0 2 0 2
 7555 : 2 0 1 2 0 2
 7575 : 2 0 0 3 0 2
 7651 : 2 1 0 1 1 2
 7655 : 2 0 1 1 1 2
 7675 : 2 0 0 2 1 2
 7775 : 2 0 0 1 2 2
 8151 : 2 1 0 1 0 3
 8155 : 2 0 1 1 0 3
 8175 : 2 0 0 2 0 3
 8275 : 2 0 0 1 1 3
 8775 : 2 0 0 1 0 4
 9504 : 3 4 0 0 1 0
 9508 : 3 3 1 0 1 0
 9512 : 3 2 2 0 1 0
 9516 : 3 1 3 0 1 0
 9520 : 3 0 4 0 1 0
 9528 : 3 3 0 1 1 0
 9532 : 3 2 1 1 1 0
 9536 : 3 1 2 1 1 0
 9540 : 3 0 3 1 1 0
 9552 : 3 2 0 2 1 0
 9556 : 3 1 1 2 1 0
 9560 : 3 0 2 2 1 0
 9576 : 3 1 0 3 1 0
 9580 : 3 0 1 3 1 0
 9600 : 3 0 0 4 1 0
 9628 : 3 3 0 0 2 0
 9632 : 3 2 1 0 2 0
 9636 : 3 1 2 0 2 0
 9640 : 3 0 3 0 2 0
 9652 : 3 2 0 1 2 0
 9656 : 3 1 1 1 2 0
 9660 : 3 0 2 1 2 0
 9676 : 3 1 0 2 2 0
 9680 : 3 0 1 2 2 0
 9700 : 3 0 0 3 2 0
 9752 : 3 2 0 0 3 0
 9756 : 3 1 1 0 3 0
 9760 : 3 0 2 0 3 0
 9776 : 3 1 0 1 3 0
 9780 : 3 0 1 1 3 0
 9800 : 3 0 0 2 3 0
 9876 : 3 1 0 0 4 0
 9880 : 3 0 1 0 4 0
 9900 : 3 0 0 1 4 0
10000 : 3 0 0 0 5 0
10128 : 3 3 0 0 1 1
10132 : 3 2 1 0 1 1
10136 : 3 1 2 0 1 1
10140 : 3 0 3 0 1 1
10152 : 3 2 0 1 1 1
10156 : 3 1 1 1 1 1
10160 : 3 0 2 1 1 1
10176 : 3 1 0 2 1 1
10180 : 3 0 1 2 1 1
10200 : 3 0 0 3 1 1
10252 : 3 2 0 0 2 1
10256 : 3 1 1 0 2 1
10260 : 3 0 2 0 2 1
10276 : 3 1 0 1 2 1
10280 : 3 0 1 1 2 1
10300 : 3 0 0 2 2 1
10376 : 3 1 0 0 3 1
10380 : 3 0 1 0 3 1
10400 : 3 0 0 1 3 1
10500 : 3 0 0 0 4 1
10752 : 3 2 0 0 1 2
10756 : 3 1 1 0 1 2
10760 : 3 0 2 0 1 2
10776 : 3 1 0 1 1 2
10780 : 3 0 1 1 1 2
10800 : 3 0 0 2 1 2
10876 : 3 1 0 0 2 2
10880 : 3 0 1 0 2 2
10900 : 3 0 0 1 2 2
11000 : 3 0 0 0 3 2
11376 : 3 1 0 0 1 3
11380 : 3 0 1 0 1 3
11400 : 3 0 0 1 1 3
11500 : 3 0 0 0 2 3
12000 : 3 0 0 0 1 4
13129 : 4 4 0 0 0 1
13133 : 4 3 1 0 0 1
13137 : 4 2 2 0 0 1
13141 : 4 1 3 0 0 1
13145 : 4 0 4 0 0 1
13153 : 4 3 0 1 0 1
13157 : 4 2 1 1 0 1
13161 : 4 1 2 1 0 1
13165 : 4 0 3 1 0 1
13177 : 4 2 0 2 0 1
13181 : 4 1 1 2 0 1
13185 : 4 0 2 2 0 1
13201 : 4 1 0 3 0 1
13205 : 4 0 1 3 0 1
13225 : 4 0 0 4 0 1
13253 : 4 3 0 0 1 1
13257 : 4 2 1 0 1 1
13261 : 4 1 2 0 1 1
13265 : 4 0 3 0 1 1
13277 : 4 2 0 1 1 1
13281 : 4 1 1 1 1 1
13285 : 4 0 2 1 1 1
13301 : 4 1 0 2 1 1
13305 : 4 0 1 2 1 1
13325 : 4 0 0 3 1 1
13377 : 4 2 0 0 2 1
13381 : 4 1 1 0 2 1
13385 : 4 0 2 0 2 1
13401 : 4 1 0 1 2 1
13405 : 4 0 1 1 2 1
13425 : 4 0 0 2 2 1
13501 : 4 1 0 0 3 1
13505 : 4 0 1 0 3 1
13525 : 4 0 0 1 3 1
13625 : 4 0 0 0 4 1
13753 : 4 3 0 0 0 2
13757 : 4 2 1 0 0 2
13761 : 4 1 2 0 0 2
13765 : 4 0 3 0 0 2
13777 : 4 2 0 1 0 2
13781 : 4 1 1 1 0 2
13785 : 4 0 2 1 0 2
13801 : 4 1 0 2 0 2
13805 : 4 0 1 2 0 2
13825 : 4 0 0 3 0 2
13877 : 4 2 0 0 1 2
13881 : 4 1 1 0 1 2
13885 : 4 0 2 0 1 2
13901 : 4 1 0 1 1 2
13905 : 4 0 1 1 1 2
13925 : 4 0 0 2 1 2
14001 : 4 1 0 0 2 2
14005 : 4 0 1 0 2 2
14025 : 4 0 0 1 2 2
14125 : 4 0 0 0 3 2
14377 : 4 2 0 0 0 3
14381 : 4 1 1 0 0 3
14385 : 4 0 2 0 0 3
14401 : 4 1 0 1 0 3
14405 : 4 0 1 1 0 3
14425 : 4 0 0 2 0 3
14501 : 4 1 0 0 1 3
14505 : 4 0 1 0 1 3
14525 : 4 0 0 1 1 3
14625 : 4 0 0 0 2 3
15001 : 4 1 0 0 0 4
15005 : 4 0 1 0 0 4
15025 : 4 0 0 1 0 4
15125 : 4 0 0 0 1 4
15625 : 4 0 0 0 0 5
